true
1542 2042 2442 3142 3342 5142 5342 6042 6442 55 1155 1555 2255 2555 3355 3555 3755 4455 4555 4655 5055 5155 5255 5355 5455 5655 5755 6455 6555 6655 7355 7555 
------------
5455
Making move......
thinking......
true
true
true
true
true
true
true
true
true
true
true
true
true
true
true
true
true
true
true
true
true
true
true
true
true
true
true
true
true
true
true
true
true
true
Move: 5125 1405 Score: -677
true
1542 2042 2442 3142 3342 5142 5342 6042 6442 1054 1454 2154 2454 2754 3254 3454 3654 4354 4454 4554 5054 5154 5254 5354 5554 5654 5754 6354 6454 6554 7254 7454 
------------
5455
true
1542 2042 2442 3142 3342 5142 5342 6042 6442 1054 1454 2154 2454 2754 3254 3454 3654 4354 4454 4554 5054 5154 5254 5354 5554 5654 5754 6354 6454 6554 7254 7454 
------------
5455
true
1542 2042 2442 3142 3342 5142 5342 6042 6442 1054 1454 2154 2454 2754 3254 3454 3654 4354 4454 4554 5054 5154 5254 5354 5554 5654 5754 6354 6454 6554 7254 7454 
------------
1454
Making move......
thinking......
Move: 0 0 Score: -829
true
1542 2042 2442 3142 3342 5142 5342 6042 6442 314 414 514 1314 1514 2314 2414 2514 3214 3414 3614 4114 4414 4714 5014 5414 6414 
------------
1454
true
1542 2042 2442 3142 3342 5142 5342 6042 6442 314 414 514 1314 1514 2314 2414 2514 3214 3414 3614 4114 4414 4714 5014 5414 6414 
------------
1454
true
1542 2042 2442 3142 3342 5142 5342 6042 6442 314 414 514 1314 1514 2314 2414 2514 3214 3414 3614 4114 4414 4714 5014 5414 6414 
------------
1454
true
1542 2042 2442 3142 3342 5142 5342 6042 6442 314 414 514 1314 1514 2314 2414 2514 3214 3414 3614 4114 4414 4714 5014 5414 6414 
------------
1454
